SIZES
  narena                14680064
  nbuffer               408288
  nplugin               0
  maxuse_stack          6928
  maxuse_arena          34976
  maxuse_con            9
  maxuse_efc            44
  solver_nisland        1
  ne                    7
  nf                    0
  nl                    2
  nefc                  33
  nnzJ                  462
  ncon                  6
  nisland               0
  threadpool            0

TIMER
    0:  duration =  0.069      number = 1
    1:  duration =  0.063      number = 1
    2:  duration =  0          number = 0
    3:  duration =  0.05       number = 1
    4:  duration =  0.0024     number = 1
    5:  duration =  0.0024     number = 1
    6:  duration =  0.0036     number = 1
    7:  duration =  0.0024     number = 1
    8:  duration =  0.0047     number = 1
    9:  duration =  0.0024     number = 1
    10:  duration =  0.03       number = 1
    11:  duration =  0.0024     number = 1
    12:  duration =  0.0012     number = 1
    13:  duration =  0.0059     number = 1
    14:  duration =  0.0095     number = 1

SOLVER STAT
  solver_nisland = 1
  solver_fwdinv =   0         0       
  ISLAND 0
    solver_niter = 1
    solver_nnz = 196
      0:  improvement = -2.4e-14     gradient =  3e-15       lineslope =  0       
          nactive = 33   nchange = 0   neval = 2   nupdate = 0

ENERGY =   0         0       

TIME =  6.4     

QPOS
   2.1e-06 
  -0.0066  
  -0.0085  
   0.00015 
   0.00048 
   0.00036 
   0.043   
   0.00015 
   0.043   
  -0.042   
   0.044   
   0.0011  
   0.045   
  -0.047   

QVEL
  -8.6e-07 
   4.3e-08 
  -1.5e-07 
  -1.4e-06 
   1.7e-06 
  -4.5e-07 
  -6.5e-07 
   7.4e-11 
  -6.4e-07 
   6.1e-07 
  -6.5e-07 
  -1e-08   
  -6.7e-07 
   6.5e-07 

QACC_WARMSTART
   1.7e-07 
  -2.7e-07 
   5.3e-07 
   3.6e-06 
  -4.7e-06 
   1.5e-06 
   5.1e-08 
   1.5e-09 
   4.3e-08 
  -2.2e-08 
   5.1e-08 
   8e-09   
   5.2e-08 
  -1.2e-07 

CTRL
   0       
   0       
   0       
   0       
   0       
   0       
   0       

QFRC_APPLIED
   0       
   0       
   0       
   0       
   0       
   0       
   0       
   0       
   0       
   0       
   0       
   0       
   0       
   0       

XFRC_APPLIED
   0         0         0         0         0         0       
   0         0         0         0         0         0       
   0         0         0         0         0         0       
   0         0         0         0         0         0       
   0         0         0         0         0         0       
   0         0         0         0         0         0       
   0         0         0         0         0         0       
   0         0         0         0         0         0       
   0         0         0         0         0         0       
   0         0         0         0         0         0       
   0         0         0         0         0         0       
   0         0         0         0         0         0       
   0         0         0         0         0         0       
   0         0         0         0         0         0       
   0         0         0         0         0         0       
   0         0         0         0         0         0       
   0         0         0         0         0         0       
   0         0         0         0         0         0       
   0         0         0         0         0         0       
   0         0         0         0         0         0       
   0         0         0         0         0         0       
   0         0         0         0         0         0       

EQ_ACTIVE             1 1 1

QACC
   1.7e-07 
  -2.7e-07 
   5.3e-07 
   3.6e-06 
  -4.7e-06 
   1.5e-06 
   5.1e-08 
   1.5e-09 
   4.3e-08 
  -2.2e-08 
   5.1e-08 
   8e-09   
   5.2e-08 
  -1.2e-07 

XPOS
   0         0         0       
   0         0         0       
   0         0         0.16    
   2.9e-07  -0.14      0.16    
  -0.42     -0.007     0.17    
  -0.82     -0.007     0.17    
  -0.82     -0.13      0.17    
  -0.82     -0.13      0.072   
  -0.82     -0.23      0.072   
  -0.82     -0.23      0.072   
  -0.82     -0.28      0.1     
  -0.82     -0.28      0.13    
  -0.82     -0.29      0.085   
  -0.82     -0.33      0.14    
  -0.82     -0.34      0.12    
  -0.82     -0.34      0.12    
  -0.82     -0.28      0.041   
  -0.82     -0.28      0.0095  
  -0.82     -0.29      0.059   
  -0.82     -0.33      0.0056  
  -0.82     -0.34      0.024   
  -0.82     -0.34      0.024   

XQUAT
   1         0         0         0       
   0         0         0        -1       
   1.1e-06   0         0        -1       
   7.5e-07   0.7       7.4e-07  -0.71    
   7.5e-07   0.7       7.4e-07  -0.71    
   7.9e-09   1         1.1e-06  -0.0075  
   1.8e-06   1        -0.00024  -0.0075  
   1.9e-06   1        -0.00024  -0.0073  
   1.9e-06   1        -0.00024  -0.0073  
   0.71      0.71      0.005    -0.0053  
   0.69      0.72      0.0049   -0.0054  
   0.69      0.72      0.0049   -0.0054  
   0.69      0.72      0.0049   -0.0054  
   0.71      0.71      0.005    -0.0053  
   0.71      0.71      0.005    -0.0053  
   0.71      0.71      0.005    -0.0053  
   0.0052    0.0051   -0.69      0.72    
   0.0052    0.0051   -0.69      0.72    
   0.0052    0.0051   -0.69      0.72    
   0.0053    0.005    -0.71      0.71    
   0.0053    0.005    -0.71      0.71    
   0.0053    0.005    -0.71      0.71    

XMAT
   1         0         0         0         1         0         0         0         1       
  -1         0         0         0        -1        -0        -0         0         1       
  -1         2.1e-06   0        -2.1e-06  -1        -0        -0         0         1       
  -0.0066    2.1e-06  -1        -1.4e-08  -1        -2.1e-06  -1        -2.1e-22   0.0066  
  -0.015     2.1e-06  -1        -3.2e-08  -1        -2.1e-06  -1        -2.1e-22   0.015   
   1         2.1e-06  -0.015     2.1e-06  -1        -3.2e-08  -0.015    -1.6e-22  -1       
   1        -0.00048  -0.015    -0.00048  -1        -3.2e-08  -0.015     7.2e-06  -1       
   1        -0.00048  -0.015    -0.00048  -1        -2e-07    -0.015     7.2e-06  -1       
   1        -0.00048  -0.015    -0.00048  -1        -2e-07    -0.015     7.2e-06  -1       
   1         0.015    -0.00048  -0.00048   2e-07    -1        -0.015     1         7.2e-06 
   1         0.015    -0.0011   -0.00048  -0.043    -1        -0.015     1        -0.043   
   1         0.015    -0.0011   -0.00048  -0.043    -1        -0.015     1        -0.043   
   1         0.015    -0.0011   -0.00048  -0.043    -1        -0.015     1        -0.043   
   1         0.015    -0.0005   -0.00048  -0.0015   -1        -0.015     1        -0.0015  
   1         0.015    -0.0005   -0.00048  -0.0015   -1        -0.015     1        -0.0015  
   1         0.015    -0.0005   -0.00048  -0.0015   -1        -0.015     1        -0.0015  
  -1        -0.015     0.00016   0.00048  -0.044    -1         0.015    -1         0.044   
  -1        -0.015     0.00017   0.00048  -0.045    -1         0.015    -1         0.045   
  -1        -0.015     0.00018   0.00048  -0.045    -1         0.015    -1         0.045   
  -1        -0.015    -0.0005    0.00048   0.0016   -1         0.015    -1        -0.0016  
  -1        -0.015    -0.0005    0.00048   0.0016   -1         0.015    -1        -0.0016  
  -1        -0.015    -0.0005    0.00048   0.0016   -1         0.015    -1        -0.0016  

XIPOS
   0         0         0       
   0         0         0       
   0         0         0.16    
  -0.21     -0.14      0.16    
  -0.62     -0.007     0.17    
  -0.82     -0.13      0.17    
  -0.82     -0.13      0.072   
  -0.82     -0.21      0.072   
  -0.82     -0.23      0.072   
  -0.82     -0.26      0.072   
  -0.82     -0.29      0.12    
  -0.82     -0.3       0.14    
  -0.82     -0.31      0.1     
  -0.82     -0.34      0.13    
  -0.82     -0.36      0.12    
  -0.82     -0.36      0.11    
  -0.82     -0.29      0.023   
  -0.82     -0.3       0.0075  
  -0.82     -0.31      0.041   
  -0.82     -0.34      0.017   
  -0.82     -0.36      0.027   
  -0.82     -0.36      0.03    

XIMAT
   1         0         0         0         1         0         0         0         1       
  -1         0         0         0        -1        -0        -0         0         1       
  -1         2.1e-06   0        -2.1e-06  -1        -0        -0         0         1       
  -0.0066    2.1e-06  -1        -1.4e-08  -1        -2.1e-06  -1        -2.1e-22   0.0066  
  -0.015     2.1e-06  -1        -3.2e-08  -1        -2.1e-06  -1        -2.1e-22   0.015   
   1         2.1e-06  -0.015     2.1e-06  -1        -3.2e-08  -0.015    -1.6e-22  -1       
   1        -0.00048  -0.015    -0.00048  -1        -3.2e-08  -0.015     7.2e-06  -1       
  -0.00048  -1        -0.015    -1         0.00048  -2e-07     7.2e-06   0.015    -1       
  -0.017     0.002     1        -2.5e-05   1        -0.002    -1        -5.9e-05  -0.017   
   1         0.015    -0.00044  -0.00048   0.0031   -1        -0.015     1         0.0031  
   1        -0.0022   -0.014    -0.00048  -0.99      0.11     -0.015    -0.11     -0.99    
   0.015    -1         0.00077   0.086     0.00048  -1         1         0.015     0.086   
   0.012    -1         0.0086    0.62      0.00048  -0.79      0.79      0.015     0.62    
   1         0.014    -0.0052   -0.00048  -0.33     -0.95     -0.015     0.95     -0.33    
   0.015    -1        -0.0005   -0.0015    0.00048  -1         1         0.015    -0.0015  
   0.015    -1        -0.0005   -0.0015    0.00048  -1         1         0.015    -0.0015  
  -1         0.0012    0.015     0.00048  -0.99      0.12      0.015     0.12      0.99    
  -0.015     1        -0.0017    0.084    -0.00048  -1        -1        -0.015    -0.084   
  -0.011     1        -0.0094    0.61     -0.00048  -0.79     -0.79     -0.015    -0.61    
  -1        -0.014     0.0043    0.00048  -0.32     -0.95      0.015    -0.95      0.32    
  -0.015     1        -0.0005    0.0016   -0.00048  -1        -1        -0.015    -0.0016  
  -0.015     1        -0.0005    0.0016   -0.00048  -1        -1        -0.015    -0.0016  

XANCHOR
   0         0         0.16    
   2.9e-07  -0.14      0.16    
  -0.42     -0.007     0.17    
  -0.82     -0.007     0.17    
  -0.82     -0.13      0.17    
  -0.82     -0.13      0.072   
  -0.82     -0.28      0.1     
  -0.82     -0.28      0.13    
  -0.82     -0.29      0.085   
  -0.82     -0.34      0.12    
  -0.82     -0.28      0.041   
  -0.82     -0.28      0.0095  
  -0.82     -0.29      0.059   
  -0.82     -0.34      0.024   

XAXIS
   0         0         1       
   2.1e-06  -1         0       
   2.1e-06  -1        -2.1e-22 
   2.1e-06  -1        -1.6e-22 
  -0.015    -3.2e-08  -1       
  -0.00048  -1         7.2e-06 
   1        -0.00048  -0.015   
   1        -0.00048  -0.015   
   1        -0.00048  -0.015   
   1        -0.00048  -0.015   
  -1         0.00048   0.015   
  -1         0.00048   0.015   
  -1         0.00048   0.015   
  -1         0.00048   0.015   

GEOM_XPOS
   0         0         0       
  -6.7e-07   3.7e-07   0.094   
  -1.5e-07  -5e-07     0.031   
  -0.00016   0.0084    0.21    
  -8.8e-07  -0.069     0.16    
   5e-05    -0.00056   0.14    
   0         0         0.12    
  -0.21     -0.14      0.16    
  -0.3      -0.11      0.16    
  -0.21     -0.12      0.16    
  -0.21     -0.18      0.16    
   2.1e-07  -0.098     0.16    
  -0.2      -0.14      0.16    
  -0.82      0.033     0.17    
  -0.63     -0.0066    0.17    
  -0.68     -0.024     0.17    
  -0.59     -0.019     0.17    
  -0.42     -0.087     0.17    
  -0.62     -0.007     0.17    
  -0.82     -0.13      0.12    
  -0.82     -0.14      0.21    
  -0.82     -0.12      0.16    
  -0.82     -0.057     0.17    
  -0.82     -0.18      0.072   
  -0.82     -0.094     0.068   
  -0.82     -0.15      0.075   
  -0.82     -0.13      0.13    
  -0.82     -0.15      0.072   
  -0.82     -0.21      0.072   
  -0.82     -0.21      0.072   
  -0.82     -0.23      0.072   
  -0.82     -0.23      0.072   
  -0.82     -0.26      0.072   
  -0.82     -0.26      0.072   
  -0.82     -0.29      0.12    
  -0.82     -0.29      0.12    
  -0.82     -0.3       0.14    
  -0.82     -0.3       0.14    
  -0.82     -0.31      0.1     
  -0.82     -0.31      0.1     
  -0.82     -0.34      0.13    
  -0.82     -0.34      0.13    
  -0.82     -0.37      0.12    
  -0.82     -0.35      0.12    
  -0.82     -0.36      0.12    
  -0.82     -0.36      0.11    
  -0.82     -0.29      0.023   
  -0.82     -0.29      0.023   
  -0.82     -0.3       0.0075  
  -0.82     -0.3       0.0075  
  -0.82     -0.31      0.041   
  -0.82     -0.31      0.041   
  -0.82     -0.34      0.017   
  -0.82     -0.34      0.017   
  -0.82     -0.37      0.027   
  -0.82     -0.35      0.027   
  -0.82     -0.36      0.027   
  -0.82     -0.36      0.03    

GEOM_XMAT
   1         0         0         0         1         0         0         0         1       
   1.1e-05   0.96     -0.28      2e-06     0.28      0.96      1        -1.1e-05   1.1e-06 
  -9.9e-06  -0.61     -0.79      1.9e-05   0.79     -0.61      1        -2.1e-05   3.7e-06 
  -0.0014    0.99      0.16      0.32     -0.16      0.93      0.95      0.055    -0.32    
   1.2e-05   0.99     -0.17     -1         1.4e-05   1.3e-05   1.6e-05   0.17      0.99    
   0.002    -0.053    -1        -0.74     -0.68      0.034    -0.68      0.74     -0.04    
  -1         2.1e-06   0        -2.1e-06  -1        -0        -0         0         1       
  -0.0062   -0.002    -1         0.35     -0.94     -0.00031  -0.94     -0.35      0.0065  
  -0.0065   -0.18     -0.98      0.00048  -0.98      0.18     -1         0.00068   0.0065  
  -0.0094    0.0067   -1        -1         0.0018    0.0094    0.0019    1         0.0066  
  -0.00033   0.0066   -1        -1         0.00048   0.00033   0.00048   1         0.0066  
  -0.0066   -1        -2.1e-06  -1.4e-08  -2.1e-06   1        -1         0.0066   -1.1e-16 
  -0.0066    2.1e-06  -1        -1.4e-08  -1        -2.1e-06  -1        -2.1e-22   0.0066  
   0.31     -0.13     -0.94     -0.95     -0.045    -0.3      -0.0044    0.99     -0.13    
  -0.0041    0.014    -1        -0.97     -0.24      0.00061  -0.24      0.97      0.015   
  -0.014     0.15     -0.99     -0.0049   -0.99     -0.15     -1         0.0028    0.015   
   0.02      0.015    -1        -1         0.00077  -0.02      0.00046   1         0.015   
  -0.015    -1        -2.1e-06  -3.2e-08  -2.1e-06   1        -1         0.015     0       
  -0.015     2.1e-06  -1        -3.2e-08  -1        -2.1e-06  -1        -2.1e-22   0.015   
  -0.015     0.39      0.92      0.00015   0.92     -0.39     -1        -0.0056   -0.014   
  -0.014    -1         0.081     0.3       0.073     0.95     -0.95      0.038     0.3     
  -0.014    -1         0.0079    0.51     -0.00025   0.86     -0.86      0.016     0.51    
   1        -0.015    -2.1e-06   2.1e-06  -3.2e-08   1        -0.015    -1         3.6e-17 
  -0.00046  -0.99      0.16     -1         0.00045  -8.3e-05   8.9e-06  -0.16     -0.99    
   0.0037   -1         0.096    -0.95     -0.033    -0.3       0.3      -0.091    -0.95    
  -0.01     -1         0.011     0.69      0.00074   0.72     -0.72      0.015     0.69    
   1        -0.00048  -0.015    -0.00048  -1        -3.2e-08  -0.015     7.2e-06  -1       
   1        -0.015     0.00048  -0.00048  -3.2e-08   1        -0.015    -1        -7.2e-06 
   7.2e-05  -0.98      0.21     -1        -0.0011   -0.0047    0.0049   -0.21     -0.98    
   1        -0.015     0.00048  -0.00048  -2e-07     1        -0.015    -1        -7.2e-06 
  -0.017     0.002     1        -2.5e-05   1        -0.002    -1        -5.9e-05  -0.017   
  -0.017     0.002     1        -2.5e-05   1        -0.002    -1        -5.9e-05  -0.017   
   1         0.015    -0.00044  -0.00048   0.0031   -1        -0.015     1         0.0031  
   1         0.015    -0.00044  -0.00048   0.0031   -1        -0.015     1         0.0031  
   1        -0.0022   -0.014    -0.00048  -0.99      0.11     -0.015    -0.11     -0.99    
   1        -0.0022   -0.014    -0.00048  -0.99      0.11     -0.015    -0.11     -0.99    
   0.015    -1         0.00077   0.086     0.00048  -1         1         0.015     0.086   
   0.015    -1         0.00077   0.086     0.00048  -1         1         0.015     0.086   
   0.012    -1         0.0086    0.62      0.00048  -0.79      0.79      0.015     0.62    
   0.012    -1         0.0086    0.62      0.00048  -0.79      0.79      0.015     0.62    
   1         0.014    -0.0053   -0.00047  -0.33     -0.94     -0.015     0.94     -0.33    
   1         0.014    -0.0053   -0.00047  -0.33     -0.94     -0.015     0.94     -0.33    
   1         0.015    -0.0005   -0.00048  -0.0015   -1        -0.015     1        -0.0015  
   1         0.015    -0.0005   -0.00048  -0.0015   -1        -0.015     1        -0.0015  
   0.015    -1        -0.0005   -0.0015    0.00048  -1         1         0.015    -0.0015  
   0.015    -1        -0.0005   -0.0015    0.00048  -1         1         0.015    -0.0015  
  -1         0.0012    0.015     0.00048  -0.99      0.12      0.015     0.12      0.99    
  -1         0.0012    0.015     0.00048  -0.99      0.12      0.015     0.12      0.99    
  -0.015     1        -0.0017    0.084    -0.00048  -1        -1        -0.015    -0.084   
  -0.015     1        -0.0017    0.084    -0.00048  -1        -1        -0.015    -0.084   
  -0.011     1        -0.0094    0.61     -0.00048  -0.79     -0.79     -0.015    -0.61    
  -0.011     1        -0.0094    0.61     -0.00048  -0.79     -0.79     -0.015    -0.61    
  -1        -0.014     0.0043    0.00049  -0.33     -0.95      0.015    -0.95      0.33    
  -1        -0.014     0.0043    0.00049  -0.33     -0.95      0.015    -0.95      0.33    
  -1        -0.015    -0.0005    0.00048   0.0016   -1         0.015    -1        -0.0016  
  -1        -0.015    -0.0005    0.00048   0.0016   -1         0.015    -1        -0.0016  
  -0.015     1        -0.0005    0.0016   -0.00048  -1        -1        -0.015    -0.0016  
  -0.015     1        -0.0005    0.0016   -0.00048  -1        -1        -0.015    -0.0016  

SITE_XPOS
  -0.82     -0.23      0.072   
  -0.82     -0.37      0.072   

SITE_XMAT
   1         0.015    -0.00048  -0.00048   2e-07    -1        -0.015     1         7.2e-06 
   1         0.015    -0.00048  -0.00048   2e-07    -1        -0.015     1         7.2e-06 

LIGHT_XPOS
   0        -1         2       
   0         0         1.5     

LIGHT_XDIR
  -0.36      0.36     -0.86    
   0         0        -1       

SUBTREE_COM
  -0.28     -0.083     0.12    
  -0.28     -0.083     0.12    
  -0.34     -0.1       0.15    
  -0.43     -0.13      0.15    
  -0.74     -0.11      0.13    
  -0.82     -0.18      0.1     
  -0.82     -0.2       0.072   
  -0.82     -0.26      0.072   
  -0.82     -0.27      0.072   
  -0.82     -0.27      0.072   
  -0.82     -0.3       0.13    
  -0.82     -0.3       0.14    
  -0.82     -0.33      0.11    
  -0.82     -0.35      0.12    
  -0.82     -0.36      0.12    
  -0.82     -0.36      0.11    
  -0.82     -0.3       0.014   
  -0.82     -0.3       0.0075  
  -0.82     -0.33      0.032   
  -0.82     -0.35      0.02    
  -0.82     -0.36      0.028   
  -0.82     -0.36      0.03    

CDOF
   0         0         1         0.083    -0.28      0       
   2.1e-06  -1         0         0.038     8e-08    -0.28    
   2.1e-06  -1        -2.1e-22   0.041     8.6e-08   0.14    
   2.1e-06  -1        -1.6e-22   0.047     9.9e-08   0.54    
  -0.015    -3.2e-08  -1         0.051    -0.54     -0.00077 
  -0.00048  -1         7.2e-06  -0.053     2.9e-05   0.54    
   1        -0.00048  -0.015     0.0029   -0.03      0.2     
   1        -0.00048  -0.015     0.0029    0.0013    0.2     
   1        -0.00048  -0.015     0.003    -0.048     0.21    
   1        -0.00048  -0.015     0.0037   -0.013     0.25    
  -1         0.00048   0.015    -0.0029    0.092    -0.2     
  -1         0.00048   0.015    -0.0028    0.12     -0.2     
  -1         0.00048   0.015    -0.003     0.074    -0.21    
  -1         0.00048   0.015    -0.0036    0.11     -0.25    

CINERT
   0         0         0         0         0         0         0         0         0         0       
   0.094     0.38      0.35     -0.093     0.14      0.041     1.1       0.33     -0.5       4       
   0.041     0.31      0.33     -0.086    -0.04     -0.012     1         0.31      0.14      3.7     
   0.054     0.19      0.2       0.032    -0.022     0.018     0.58     -0.47      0.33      8.4     
   0.021     0.3       0.31      0.058     0.034    -0.0075   -0.77      0.17      0.1       2.3     
   0.0085    0.35      0.35     -0.034     0.031     0.0029   -0.65     -0.063     0.057     1.2     
   0.0092    0.36      0.36     -0.034    -0.035    -0.0033   -0.65     -0.063    -0.065     1.2     
   0.0038    0.055     0.058    -0.013    -0.0054   -0.0013   -0.1      -0.024    -0.01      0.19    
   0.0037    0.044     0.047    -0.012    -0.0043   -0.0012   -0.081    -0.022    -0.008     0.15    
   0.028     0.23      0.25     -0.076    -0.022    -0.0075   -0.42     -0.14     -0.041     0.78    
   0.00037   0.0026    0.003    -0.00098  -2.3e-05  -8.7e-06  -0.0048   -0.0018   -4.3e-05   0.009   
   0.0007    0.0041    0.0048   -0.0017    8.4e-05   3.5e-05  -0.0076   -0.0031    0.00016   0.014   
   0.0012    0.0064    0.0076   -0.0027   -0.00027  -0.00011  -0.012    -0.0051   -0.0005    0.022   
   0.00084   0.0036    0.0044   -0.0017    1.4e-05   6.2e-06  -0.0067   -0.0032    2.6e-05   0.013   
   0.00027   0.001     0.0013   -0.00052  -1.6e-05  -8.1e-06  -0.0019   -0.00097  -2.9e-05   0.0035  
   0.0001    0.00038   0.00048  -0.00019  -8.1e-06  -4.2e-06  -0.0007   -0.00036  -1.5e-05   0.0013  
   0.00047   0.0027    0.003    -0.00098  -0.00049  -0.00019  -0.0048   -0.0018   -0.00091   0.009   
   0.00089   0.0043    0.0048   -0.0017   -0.00089  -0.00037  -0.0076   -0.0031   -0.0017    0.014   
   0.0013    0.0066    0.0076   -0.0027   -0.00099  -0.00043  -0.012    -0.0051   -0.0019    0.022   
   0.00099   0.0038    0.0045   -0.0017   -0.00073  -0.00035  -0.0067   -0.0032   -0.0014    0.013   
   0.00031   0.001     0.0013   -0.00052  -0.00018  -9.5e-05  -0.0019   -0.00097  -0.00034   0.0035  
   0.00011   0.00039   0.00048  -0.0002   -6.6e-05  -3.4e-05  -0.0007   -0.00036  -0.00012   0.0013  

TEN_LENGTH
   0.043   

TEN_MOMENT
   0         0         0         0         0         0         0.5       0         0         0         0.5       0         0         0       

TENDON 0: 0 wrap points

ACTUATOR_LENGTH
   2.1e-06 
  -0.0066  
  -0.0085  
   0.00015 
   0.00048 
   0.00036 
   0.043   

ACTUATOR_MOMENT
   1         0         0         0         0         0         0         0         0         0         0         0         0         0       
   0         1         0         0         0         0         0         0         0         0         0         0         0         0       
   0         0         1         0         0         0         0         0         0         0         0         0         0         0       
   0         0         0         1         0         0         0         0         0         0         0         0         0         0       
   0         0         0         0         1         0         0         0         0         0         0         0         0         0       
   0         0         0         0         0         1         0         0         0         0         0         0         0         0       
   0         0         0         0         0         0         0.5       0         0         0         0.5       0         0         0       

CRB
   0         0         0         0         0         0         0         0         0         0       
   0.27      2.3       2.3      -0.27      0.073     0.029     2.2e-16   1.1e-16   5e-16     22      
   0.18      1.9       1.9      -0.18     -0.067    -0.013    -1.1      -0.33      0.5       18      
   0.14      1.6       1.6      -0.093    -0.027    -0.0011   -2.2      -0.64      0.36      14      
   0.082     1.4       1.4      -0.13     -0.0053   -0.019    -2.7      -0.17      0.026     6       
   0.061     1.1       1.1      -0.18     -0.04     -0.012    -2        -0.34     -0.074     3.7     
   0.052     0.72      0.75     -0.15     -0.07     -0.015    -1.3      -0.28     -0.13      2.5     
   0.043     0.36      0.4      -0.12     -0.035    -0.012    -0.67     -0.22     -0.066     1.2     
   0.039     0.31      0.34     -0.1      -0.03     -0.01     -0.57     -0.19     -0.056     1.1     
   0.036     0.26      0.29     -0.092    -0.026    -0.0091   -0.48     -0.17     -0.048     0.9     
   0.0011    0.0066    0.0077   -0.0027    6.1e-05   2.6e-05  -0.012    -0.005     0.00011   0.023   
   0.0007    0.0041    0.0048   -0.0017    8.4e-05   3.5e-05  -0.0076   -0.0031    0.00016   0.014   
   0.0024    0.011     0.014    -0.0052   -0.00028  -0.00012  -0.021    -0.0097   -0.00052   0.039   
   0.0012    0.005     0.0062   -0.0025   -9.5e-06  -6e-06    -0.0093   -0.0046   -1.8e-05   0.017   
   0.00037   0.0014    0.0018   -0.00072  -2.4e-05  -1.2e-05  -0.0026   -0.0013   -4.4e-05   0.0048  
   0.0001    0.00038   0.00048  -0.00019  -8.1e-06  -4.2e-06  -0.0007   -0.00036  -1.5e-05   0.0013  
   0.0014    0.007     0.0078   -0.0027   -0.0014   -0.00055  -0.012    -0.005    -0.0026    0.023   
   0.00089   0.0043    0.0048   -0.0017   -0.00089  -0.00037  -0.0076   -0.0031   -0.0017    0.014   
   0.0027    0.012     0.014    -0.0052   -0.002    -0.00091  -0.021    -0.0097   -0.0037    0.039   
   0.0014    0.0052    0.0062   -0.0025   -0.00098  -0.00048  -0.0093   -0.0046   -0.0018    0.017   
   0.00042   0.0014    0.0018   -0.00072  -0.00025  -0.00013  -0.0026   -0.0013   -0.00047   0.0048  
   0.00011   0.00039   0.00048  -0.0002   -6.6e-05  -3.4e-05  -0.0007   -0.00036  -0.00012   0.0013  

QM
   4.3       0.041     0.044     0.048    -0.043     2.4e-06   0.00052   2.2e-05   0.00086   5.3e-05   0.00052   2.4e-05   0.00087   5.6e-05 
   0.041     4         1.5       0.031    -0.016     0.00069   0.00025   0.00027   0.0012    0.00016  -0.00025  -0.00027  -0.0012   -0.00016 
   0.044     1.5       0.81      0.03     -0.015     0.00067   0.00012   0.00013   0.00058   7.7e-05  -0.00012  -0.00013  -0.00058  -7.7e-05 
   0.048     0.031     0.03      0.13     -0.015     0.00065   2.7e-08   4e-08     1.7e-07   2.8e-08  -8.8e-08  -4.3e-08  -2.8e-07  -3.5e-08 
  -0.043    -0.016    -0.015    -0.015     0.12     -1.3e-06  -3.4e-08  -2.2e-08  -1.3e-07  -1.8e-08   3.4e-08   2.2e-08   1.3e-07   1.8e-08 
   2.4e-06   0.00069   0.00067   0.00065  -1.3e-06   0.1      -4.9e-17   2.4e-19   4.2e-12   2.7e-20   8.1e-20  -4.6e-19   4.2e-12  -9.8e-19 
   0.00052   0.00025   0.00012   2.7e-08  -3.4e-08  -4.9e-17   0.005     1.1e-05   0         0         0         0         0         0       
   2.2e-05   0.00027   0.00013   4e-08    -2.2e-08   2.4e-19   1.1e-05   0.001     0         0         0         0         0         0       
   0.00086   0.0012    0.00058   1.7e-07  -1.3e-07   4.2e-12   0         0         0.0011    1.9e-05   0         0         0         0       
   5.3e-05   0.00016   7.7e-05   2.8e-08  -1.8e-08   2.7e-20   0         0         1.9e-05   0.001     0         0         0         0       
   0.00052  -0.00025  -0.00012  -8.8e-08   3.4e-08   8.1e-20   0         0         0         0         0.005     1.1e-05   0         0       
   2.4e-05  -0.00027  -0.00013  -4.3e-08   2.2e-08  -4.6e-19   0         0         0         0         1.1e-05   0.001     0         0       
   0.00087  -0.0012   -0.00058  -2.8e-07   1.3e-07   4.2e-12   0         0         0         0         0         0         0.0011    1.9e-05 
   5.6e-05  -0.00016  -7.7e-05  -3.5e-08   1.8e-08  -9.8e-19   0         0         0         0         0         0         1.9e-05   0.001   

QLD
   4.2      -0.025     0.037     0.33     -0.35      2.3e-05   0.1       0.021     0.77      0.053     0.1       0.024     0.78      0.055   
  -0.025     1.2       1.9       0.23     -0.13      0.0069    0.049     0.27      1.1       0.16     -0.049    -0.27     -1.1      -0.16    
   0.037     1.9       0.81      0.22     -0.12      0.0067    0.024     0.13      0.52      0.077    -0.024    -0.13     -0.52     -0.077   
   0.33      0.23      0.22      0.13     -0.12      0.0065    5.2e-06   4e-05     0.00016   2.8e-05  -1.7e-05  -4.2e-05  -0.00025  -3.4e-05 
  -0.35     -0.13     -0.12     -0.12      0.12     -1.3e-05  -6.8e-06  -2.2e-05  -0.00012  -1.8e-05   6.8e-06   2.2e-05   0.00012   1.8e-05 
   2.3e-05   0.0069    0.0067    0.0065   -1.3e-05   0.1      -9.8e-15   2.4e-16   3.8e-09   2.7e-17   1.7e-17  -4.6e-16   3.8e-09  -9.7e-16 
   0.1       0.049     0.024     5.2e-06  -6.8e-06  -9.8e-15   0.005     0.011     0         0         0         0         0         0       
   0.021     0.27      0.13      4e-05    -2.2e-05   2.4e-16   0.011     0.001     0         0         0         0         0         0       
   0.77      1.1       0.52      0.00016  -0.00012   3.8e-09   0         0         0.0011    0.019     0         0         0         0       
   0.053     0.16      0.077     2.8e-05  -1.8e-05   2.7e-17   0         0         0.019     0.001     0         0         0         0       
   0.1      -0.049    -0.024    -1.7e-05   6.8e-06   1.7e-17   0         0         0         0         0.005     0.011     0         0       
   0.024    -0.27     -0.13     -4.2e-05   2.2e-05  -4.6e-16   0         0         0         0         0.011     0.001     0         0       
   0.78     -1.1      -0.52     -0.00025   0.00012   3.8e-09   0         0         0         0         0         0         0.0011    0.019   
   0.055    -0.16     -0.077    -3.4e-05   1.8e-05  -9.7e-16   0         0         0         0         0         0         0.019     0.001   

QLDIAGINV
   0.24    
   0.85    
   1.2     
   7.8     
   8.2     
   9.9     
   2e+02   
   9.9e+02 
   9e+02   
   9.9e+02 
   2e+02   
   9.9e+02 
   9e+02   
   9.9e+02 

QLDIAGSQRTINV
   0.49    
   0.92    
   1.1     
   2.8     
   2.9     
   3.2     
   14      
   31      
   30      
   32      
   14      
   31      
   30      
   32      

B_rownnz              14 14 14 14 14 14 14 14 14 14 8 8 8 8 8 8 8 8 8 8 8 8

B_rowadr              0 14 28 42 56 70 84 98 112 126 140 148 156 164 172 180 188 196 204 212 220 228

B_colind              0 1 2 3 4 5 6 7 8 9 10 11 12 13 0 1 2 3 4 5 6 7 8 9 10 11 12 13 0 1 2 3 4 5 6 7 8 9 10 11 12 13 0 1 2 3 4 5 6 7 8 9 10 11 12 13 0 1 2 3 4 5 6 7 8 9 10 11 12 13 0 1 2 3 4 5 6 7 8 9 10 11 12 13 0 1 2 3 4 5 6 7 8 9 10 11 12 13 0 1 2 3 4 5 6 7 8 9 10 11 12 13 0 1 2 3 4 5 6 7 8 9 10 11 12 13 0 1 2 3 4 5 6 7 8 9 10 11 12 13 0 1 2 3 4 5 6 7 0 1 2 3 4 5 6 7 0 1 2 3 4 5 8 9 0 1 2 3 4 5 8 9 0 1 2 3 4 5 8 9 0 1 2 3 4 5 8 9 0 1 2 3 4 5 10 11 0 1 2 3 4 5 10 11 0 1 2 3 4 5 12 13 0 1 2 3 4 5 12 13 0 1 2 3 4 5 12 13 0 1 2 3 4 5 12 13

C_rownnz              14 14 14 14 14 14 8 8 8 8 8 8 8 8

C_rowadr              0 14 28 42 56 70 84 92 100 108 116 124 132 140

C_colind              0 1 2 3 4 5 6 7 8 9 10 11 12 13 0 1 2 3 4 5 6 7 8 9 10 11 12 13 0 1 2 3 4 5 6 7 8 9 10 11 12 13 0 1 2 3 4 5 6 7 8 9 10 11 12 13 0 1 2 3 4 5 6 7 8 9 10 11 12 13 0 1 2 3 4 5 6 7 8 9 10 11 12 13 0 1 2 3 4 5 6 7 0 1 2 3 4 5 6 7 0 1 2 3 4 5 8 9 0 1 2 3 4 5 8 9 0 1 2 3 4 5 10 11 0 1 2 3 4 5 10 11 0 1 2 3 4 5 12 13 0 1 2 3 4 5 12 13

mapM2C                0 2 5 9 14 20 27 35 42 50 57 65 72 80 2 1 4 8 13 19 26 34 41 49 56 64 71 79 5 4 3 7 12 18 25 33 40 48 55 63 70 78 9 8 7 6 11 17 24 32 39 47 54 62 69 77 14 13 12 11 10 16 23 31 38 46 53 61 68 76 20 19 18 17 16 15 22 30 37 45 52 60 67 75 27 26 25 24 23 22 21 29 35 34 33 32 31 30 29 28 42 41 40 39 38 37 36 44 50 49 48 47 46 45 44 43 57 56 55 54 53 52 51 59 65 64 63 62 61 60 59 58 72 71 70 69 68 67 66 74 80 79 78 77 76 75 74 73

D_rownnz              14 14 14 14 14 14 8 8 8 8 8 8 8 8

D_rowadr              0 14 28 42 56 70 84 92 100 108 116 124 132 140

D_colind              0 1 2 3 4 5 6 7 8 9 10 11 12 13 0 1 2 3 4 5 6 7 8 9 10 11 12 13 0 1 2 3 4 5 6 7 8 9 10 11 12 13 0 1 2 3 4 5 6 7 8 9 10 11 12 13 0 1 2 3 4 5 6 7 8 9 10 11 12 13 0 1 2 3 4 5 6 7 8 9 10 11 12 13 0 1 2 3 4 5 6 7 0 1 2 3 4 5 6 7 0 1 2 3 4 5 8 9 0 1 2 3 4 5 8 9 0 1 2 3 4 5 10 11 0 1 2 3 4 5 10 11 0 1 2 3 4 5 12 13 0 1 2 3 4 5 12 13

mapM2D                0 2 5 9 14 20 27 35 42 50 57 65 72 80 2 1 4 8 13 19 26 34 41 49 56 64 71 79 5 4 3 7 12 18 25 33 40 48 55 63 70 78 9 8 7 6 11 17 24 32 39 47 54 62 69 77 14 13 12 11 10 16 23 31 38 46 53 61 68 76 20 19 18 17 16 15 22 30 37 45 52 60 67 75 27 26 25 24 23 22 21 29 35 34 33 32 31 30 29 28 42 41 40 39 38 37 36 44 50 49 48 47 46 45 44 43 57 56 55 54 53 52 51 59 65 64 63 62 61 60 59 58 72 71 70 69 68 67 66 74 80 79 78 77 76 75 74 73

mapD2M                0 15 14 30 29 28 45 44 43 42 60 59 58 57 56 75 74 73 72 71 70 90 89 88 87 86 85 84 99 98 97 96 95 94 93 92 106 105 104 103 102 101 100 115 114 113 112 111 110 109 108 122 121 120 119 118 117 116 131 130 129 128 127 126 125 124 138 137 136 135 134 133 132 147 146 145 144 143 142 141 140

QDERIV
  -4e+02     0         0         0         0         0         0         0         0         0         0         0         0         0       
   0        -4e+02     0         0         0         0         0         0         0         0         0         0         0         0       
   0         0        -4e+02     0         0         0         0         0         0         0         0         0         0         0       
   0         0         0        -1e+02     0         0         0         0         0         0         0         0         0         0       
   0         0         0         0        -1e+02     0         0         0         0         0         0         0         0         0       
   0         0         0         0         0        -1e+02     0         0         0         0         0         0         0         0       
   0         0         0         0         0         0        -2.6       0         0         0         0         0         0         0       
   0         0         0         0         0         0         0         0         0         0         0         0         0         0       
   0         0         0         0         0         0         0         0        -0.0013    0         0         0         0         0       
   0         0         0         0         0         0         0         0         0         0         0         0         0         0       
   0         0         0         0         0         0         0         0         0         0        -2.6       0         0         0       
   0         0         0         0         0         0         0         0         0         0         0         0         0         0       
   0         0         0         0         0         0         0         0         0         0         0         0        -0.0013    0       
   0         0         0         0         0         0         0         0         0         0         0         0         0         0       

QLU
   0         0         0         0         0         0         0         0         0         0         0         0         0         0       
   0         0         0         0         0         0         0         0         0         0         0         0         0         0       
   0         0         0         0         0         0         0         0         0         0         0         0         0         0       
   0         0         0         0         0         0         0         0         0         0         0         0         0         0       
   0         0         0         0         0         0         0         0         0         0         0         0         0         0       
   0         0         0         0         0         0         0         0         0         0         0         0         0         0       
   0         0         0         0         0         0         0         0         0         0         0         0         0         0       
   0         0         0         0         0         0         0         0         0         0         0         0         0         0       
   0         0         0         0         0         0         0         0         0         0         0         0         0         0       
   0         0         0         0         0         0         0         0         0         0         0         0         0         0       
   0         0         0         0         0         0         0         0         0         0         0         0         0         0       
   0         0         0         0         0         0         0         0         0         0         0         0         0         0       
   0         0         0         0         0         0         0         0         0         0         0         0         0         0       
   0         0         0         0         0         0         0         0         0         0         0         0         0         0       

CONTACT
  0:
     dim           3
     geoms         floor : 49
     exclude       0
     efc_address   9
     solref         0.02      1       
     solimp         0.9       0.95      0.001     0.5       2       
     dist          -0.00066 
     includemargin  0       
     pos           -0.81     -0.33     -0.00033 
     frame          0         0         1         0         1         0        -1         0         0       
     friction       1         1         0.005     0.0001    0.0001  
     mu             1       
  1:
     dim           3
     geoms         floor : 49
     exclude       0
     efc_address   13
     solref         0.02      1       
     solimp         0.9       0.95      0.001     0.5       2       
     dist          -0.00026 
     includemargin  0       
     pos           -0.83     -0.33     -0.00013 
     frame          0         0         1         0         1         0        -1         0         0       
     friction       1         1         0.005     0.0001    0.0001  
     mu             1       
  2:
     dim           3
     geoms         floor : 49
     exclude       0
     efc_address   17
     solref         0.02      1       
     solimp         0.9       0.95      0.001     0.5       2       
     dist          -0.00031 
     includemargin  0       
     pos           -0.83     -0.33     -0.00016 
     frame          0         0         1         0         1         0        -1         0         0       
     friction       1         1         0.005     0.0001    0.0001  
     mu             1       
  3:
     dim           3
     geoms         floor : 53
     exclude       0
     efc_address   21
     solref         0.02      1       
     solimp         0.9       0.95      0.001     0.5       2       
     dist          -0.0005  
     includemargin  0       
     pos           -0.81     -0.33     -0.00025 
     frame          0         0         1         0         1         0        -1         0         0       
     friction       1         1         0.005     0.0001    0.0001  
     mu             1       
  4:
     dim           3
     geoms         floor : 53
     exclude       0
     efc_address   25
     solref         0.02      1       
     solimp         0.9       0.95      0.001     0.5       2       
     dist          -0.00029 
     includemargin  0       
     pos           -0.83     -0.33     -0.00015 
     frame          0         0         1         0         1         0        -1         0         0       
     friction       1         1         0.005     0.0001    0.0001  
     mu             1       
  5:
     dim           3
     geoms         floor : 53
     exclude       0
     efc_address   29
     solref         0.02      1       
     solimp         0.9       0.95      0.001     0.5       2       
     dist          -0.00023 
     includemargin  0       
     pos           -0.83     -0.33     -0.00012 
     frame          0         0         1         0         1         0        -1         0         0       
     friction       1         1         0.005     0.0001    0.0001  
     mu             1       

EFC_TYPE
  0
  0
  0
  0
  0
  0
  0
  3
  3
  6
  6
  6
  6
  6
  6
  6
  6
  6
  6
  6
  6
  6
  6
  6
  6
  6
  6
  6
  6
  6
  6
  6
  6

EFC_ID
  0
  0
  0
  1
  1
  1
  2
  7
  11
  0
  0
  0
  0
  1
  1
  1
  1
  2
  2
  2
  2
  3
  3
  3
  3
  4
  4
  4
  4
  5
  5
  5
  5

EFC_J
   2.7e-06   6.7e-06   6.7e-06   6.7e-06  -2.7e-06   6.7e-06   0.00068   0.0007   -0.0006    8.6e-05   0         0         0         0       
  -9.9e-08   1.4e-11   1.4e-11   1.4e-11  -1.1e-09  -3.2e-09   0.036     0.004    -0.053    -0.018     0         0         0         0       
   0        -9.9e-08  -9.9e-08  -9.9e-08   4.1e-08  -9.8e-08   0.045     0.048    -0.039     0.0065    0         0         0         0       
   1.1e-06  -5.8e-05  -5.8e-05  -5.8e-05  -1.1e-06  -5.8e-05   0         0         0         0        -0.00064  -0.0007    0.00055  -0.0001  
   8.5e-07  -1.2e-10  -1.2e-10  -1.2e-10   2.1e-08   2.8e-08   0         0         0         0         0.036     0.004    -0.053    -0.018   
   0         8.5e-07   8.5e-07   8.5e-07   1.7e-08   8.5e-07   0         0         0         0        -0.045    -0.048     0.039    -0.0065  
   0         0         0         0         0         0         1         0         0         0        -1         0         0         0       
   0         0         0         0         0         0         0        -1         0         0         0         0         0         0       
   0         0         0         0         0         0         0         0         0         0         0        -1         0         0       
  -0.81     -0.81     -0.38      0.0094   -0.009     0.011     0         0         0         0         0.0035    0.038     0         0       
   0.81     -0.81     -0.38      0.0094    0.015     0.011     0         0         0         0         0.086     0.057     0         0       
  -0.33     -0.97     -0.55     -0.16      0.2      -0.061     0         0         0         0         0.044     0.047     0         0       
   0.33     -0.64     -0.22      0.18     -0.19      0.083     0         0         0         0         0.045     0.048     0         0       
  -0.83     -0.83     -0.41     -0.015     0.015    -0.013     0         0         0         0         0.004     0.038     0         0       
   0.83     -0.83     -0.41     -0.015    -0.0091   -0.013     0         0         0         0         0.087     0.058     0         0       
  -0.33     -0.99     -0.57     -0.19      0.2      -0.085     0         0         0         0         0.045     0.047     0         0       
   0.33     -0.67     -0.24      0.16     -0.19      0.059     0         0         0         0         0.046     0.049     0         0       
  -0.83     -0.83     -0.41     -0.015     0.015    -0.013     0         0         0         0         0.0033    0.038     0         0       
   0.83     -0.83     -0.41     -0.015    -0.0092   -0.013     0         0         0         0         0.086     0.057     0         0       
  -0.33     -0.99     -0.57     -0.19      0.2      -0.085     0         0         0         0         0.044     0.047     0         0       
   0.33     -0.67     -0.24      0.16     -0.19      0.059     0         0         0         0         0.045     0.048     0         0       
  -0.81     -0.81     -0.39      0.0044   -0.004     0.0059    0         0         0         0         0         0        -0.02     -0.03    
   0.81     -0.81     -0.39      0.0044    0.0098    0.006     0         0         0         0         0         0         0.098     0.017   
  -0.33     -0.98     -0.55     -0.17      0.2      -0.066     0         0         0         0         0         0         0.038    -0.0066  
   0.33     -0.65     -0.22      0.18     -0.19      0.078     0         0         0         0         0         0         0.039    -0.0069  
  -0.83     -0.83     -0.4      -0.0096    0.01     -0.0081    0         0         0         0         0         0        -0.02     -0.031   
   0.83     -0.83     -0.4      -0.0096   -0.0042   -0.008     0         0         0         0         0         0         0.098     0.017   
  -0.33     -0.99     -0.57     -0.18      0.2      -0.08      0         0         0         0         0         0         0.038    -0.0066  
   0.33     -0.66     -0.24      0.16     -0.19      0.064     0         0         0         0         0         0         0.039    -0.0069  
  -0.83     -0.83     -0.4      -0.0096    0.01     -0.0081    0         0         0         0         0         0        -0.021    -0.031   
   0.83     -0.83     -0.4      -0.0096   -0.0042   -0.008     0         0         0         0         0         0         0.097     0.016   
  -0.33     -0.99     -0.57     -0.18      0.2      -0.08      0         0         0         0         0         0         0.038    -0.0073  
   0.33     -0.66     -0.24      0.16     -0.19      0.064     0         0         0         0         0         0         0.039    -0.0075  

EFC_POS
  -9.9e-08 
  -2.7e-06 
  -6.7e-06 
   8.5e-07 
  -1.1e-06 
   5.8e-05 
  -0.00055 
  -0.00015 
  -0.0011  
  -0.00066 
  -0.00066 
  -0.00066 
  -0.00066 
  -0.00026 
  -0.00026 
  -0.00026 
  -0.00026 
  -0.00031 
  -0.00031 
  -0.00031 
  -0.00031 
  -0.0005  
  -0.0005  
  -0.0005  
  -0.0005  
  -0.00029 
  -0.00029 
  -0.00029 
  -0.00029 
  -0.00023 
  -0.00023 
  -0.00023 
  -0.00023 

EFC_MARGIN
   0       
   0       
   0       
   0       
   0       
   0       
   0       
   0       
   0       
   0       
   0       
   0       
   0       
   0       
   0       
   0       
   0       
   0       
   0       
   0       
   0       
   0       
   0       
   0       
   0       
   0       
   0       
   0       
   0       
   0       
   0       
   0       
   0       

EFC_FRICTIONLOSS
   0       
   0       
   0       
   0       
   0       
   0       
   0       
   0       
   0       
   0       
   0       
   0       
   0       
   0       
   0       
   0       
   0       
   0       
   0       
   0       
   0       
   0       
   0       
   0       
   0       
   0       
   0       
   0       
   0       
   0       
   0       
   0       
   0       

EFC_DIAGAPPROX
   2.1     
   2.1     
   2.1     
   2.2     
   2.2     
   2.2     
   4e+02   
   9.9e+02 
   9.9e+02 
   2.2     
   2.2     
   2.2     
   2.2     
   2.2     
   2.2     
   2.2     
   2.2     
   2.2     
   2.2     
   2.2     
   2.2     
   6.5     
   6.5     
   6.5     
   6.5     
   6.5     
   6.5     
   6.5     
   6.5     
   6.5     
   6.5     
   6.5     
   6.5     

EFC_KBIP
   4.1e+04   4e+02     0.95      1.2     
   4.1e+04   4e+02     0.95      1.2     
   4.1e+04   4e+02     0.95      1.2     
   4.1e+04   4e+02     0.95      9.3     
   4.1e+04   4e+02     0.95      9.3     
   4.1e+04   4e+02     0.95      9.3     
   4.1e+04   4e+02     0.97     -72      
   4.1e+04   4e+02     0.95     -25      
   4.1e+04   4e+02     0.99      0       
   2.8e+03   1.1e+02   0.94     -67      
   2.8e+03   1.1e+02   0.94     -67      
   2.8e+03   1.1e+02   0.94     -67      
   2.8e+03   1.1e+02   0.94     -67      
   2.8e+03   1.1e+02   0.91     -52      
   2.8e+03   1.1e+02   0.91     -52      
   2.8e+03   1.1e+02   0.91     -52      
   2.8e+03   1.1e+02   0.91     -52      
   2.8e+03   1.1e+02   0.91     -63      
   2.8e+03   1.1e+02   0.91     -63      
   2.8e+03   1.1e+02   0.91     -63      
   2.8e+03   1.1e+02   0.91     -63      
   2.8e+03   1.1e+02   0.92     -99      
   2.8e+03   1.1e+02   0.92     -99      
   2.8e+03   1.1e+02   0.92     -99      
   2.8e+03   1.1e+02   0.92     -99      
   2.8e+03   1.1e+02   0.91     -58      
   2.8e+03   1.1e+02   0.91     -58      
   2.8e+03   1.1e+02   0.91     -58      
   2.8e+03   1.1e+02   0.91     -58      
   2.8e+03   1.1e+02   0.91     -47      
   2.8e+03   1.1e+02   0.91     -47      
   2.8e+03   1.1e+02   0.91     -47      
   2.8e+03   1.1e+02   0.91     -47      

EFC_D
   9.1     
   9.1     
   9.1     
   8.7     
   8.7     
   8.7     
   0.093   
   0.02    
   0.1     
   6.9     
   6.9     
   6.9     
   6.9     
   4.4     
   4.4     
   4.4     
   4.4     
   4.5     
   4.5     
   4.5     
   4.5     
   1.9     
   1.9     
   1.9     
   1.9     
   1.5     
   1.5     
   1.5     
   1.5     
   1.5     
   1.5     
   1.5     
   1.5     

EFC_R
   0.11    
   0.11    
   0.11    
   0.11    
   0.11    
   0.11    
   11      
   50      
   10      
   0.14    
   0.14    
   0.14    
   0.14    
   0.23    
   0.23    
   0.23    
   0.23    
   0.22    
   0.22    
   0.22    
   0.22    
   0.53    
   0.53    
   0.53    
   0.53    
   0.66    
   0.66    
   0.66    
   0.66    
   0.68    
   0.68    
   0.68    
   0.68    

TEN_VELOCITY
  -6.5e-07 

ACTUATOR_VELOCITY
  -8.6e-07 
   4.4e-08 
  -1.5e-07 
  -1.4e-06 
   1.7e-06 
  -4.5e-07 
  -6.5e-07 

CVEL
   0         0         0         0         0         0       
   0         0         0         0         0         0       
   0         0        -8.6e-07  -7.1e-08   2.4e-07   0       
   9.2e-14  -4.4e-08  -8.6e-07  -6.9e-08   2.4e-07  -1.2e-08 
  -2.3e-13   1.1e-07  -8.6e-07  -7.5e-08   2.4e-07  -3.4e-08 
  -3.1e-12   1.5e-06  -8.6e-07  -1.4e-07   2.4e-07  -7.7e-07 
  -2.5e-08   1.5e-06  -2.5e-06  -5.3e-08  -6.6e-07  -7.7e-07 
  -2.5e-08   1.9e-06  -2.5e-06  -3e-08    -6.6e-07  -1e-06   
  -2.5e-08   1.9e-06  -2.5e-06  -3e-08    -6.6e-07  -1e-06   
  -2.5e-08   1.9e-06  -2.5e-06  -3e-08    -6.6e-07  -1e-06   
  -6.7e-07   1.9e-06  -2.5e-06  -3.2e-08  -6.4e-07  -1.1e-06 
  -6.7e-07   1.9e-06  -2.5e-06  -3.2e-08  -6.4e-07  -1.1e-06 
  -6.7e-07   1.9e-06  -2.5e-06  -3.2e-08  -6.3e-07  -1.1e-06 
  -5.3e-08   1.9e-06  -2.5e-06  -2.9e-08  -6.3e-07  -9.9e-07 
  -5.3e-08   1.9e-06  -2.5e-06  -2.9e-08  -6.3e-07  -9.9e-07 
  -5.3e-08   1.9e-06  -2.5e-06  -2.9e-08  -6.3e-07  -9.9e-07 
   6.2e-07   1.9e-06  -2.5e-06  -2.8e-08  -7.2e-07  -8.8e-07 
   6.3e-07   1.9e-06  -2.5e-06  -2.8e-08  -7.2e-07  -8.7e-07 
   6.4e-07   1.9e-06  -2.5e-06  -2.8e-08  -7.1e-07  -8.7e-07 
  -6.9e-09   1.9e-06  -2.5e-06  -3e-08    -6.3e-07  -1e-06   
  -6.9e-09   1.9e-06  -2.5e-06  -3e-08    -6.3e-07  -1e-06   
  -6.9e-09   1.9e-06  -2.5e-06  -3e-08    -6.3e-07  -1e-06   

CDOF_DOT
   0         0         0         0         0         0       
  -8.6e-07  -1.8e-12  -0         6.9e-14  -3.3e-08   7.1e-08 
  -8.6e-07  -1.8e-12   0        -1.9e-08  -3.5e-08   7.1e-08 
  -8.6e-07  -1.8e-12   0         2.4e-08  -4e-08     7e-08   
  -1.5e-06   1.3e-08   2.2e-08  -7e-07    -1.7e-07  -7.2e-08 
  -2.5e-06   1.2e-09   2.6e-08   2.5e-08   1.5e-07   1.3e-07 
  -2.9e-08  -2.5e-06  -1.9e-06   3.2e-07  -1e-06     6.5e-07 
  -2.9e-08  -2.5e-06  -1.9e-06   3.9e-07  -1e-06     6.3e-07 
  -2.9e-08  -2.5e-06  -1.9e-06   2.9e-07  -1e-06     6.5e-07 
  -2.9e-08  -2.5e-06  -1.9e-06   4.6e-07  -9.8e-07   6.3e-07 
   2.9e-08   2.5e-06   1.9e-06  -1.7e-07   1e-06    -6.5e-07 
   2.9e-08   2.5e-06   1.9e-06  -7.9e-08   1e-06    -6.3e-07 
   2.9e-08   2.5e-06   1.9e-06  -2.2e-07   1e-06    -6.5e-07 
   2.9e-08   2.5e-06   1.9e-06  -2.2e-07   1e-06    -6.3e-07 

QFRC_BIAS
  -1.2e-12 
  -61      
  -19      
  -0.037   
   0.022   
  -0.00053 
  -0.003   
  -0.0032  
  -0.014   
  -0.0019  
   0.003   
   0.0032  
   0.014   
   0.0019  

QFRC_SPRING
   0       
   0       
   0       
   0       
   0       
   0       
   0       
   0       
   0.13    
   0       
   0       
   0       
   0.13    
   0       

QFRC_DAMPER
   0       
   0       
   0       
   0       
   0       
   0       
   6.5e-08 
   0       
   8e-10   
   0       
   6.5e-08 
   0       
   8.4e-10 
   0       

QFRC_GRAVCOMP
   0       
   0       
   0       
   0       
   0       
   0       
   0       
   0       
   0       
   0       
   0       
   0       
   0       
   0       

QFRC_FLUID
   0       
   0       
   0       
   0       
   0       
   0       
   0       
   0       
   0       
   0       
   0       
   0       
   0       
   0       

QFRC_PASSIVE
   0       
   0       
   0       
   0       
   0       
   0       
   6.5e-08 
   0       
   0.13    
   0       
   6.5e-08 
   0       
   0.13    
   0       

EFC_VEL
  -2e-11   
  -1.5e-12 
  -2.6e-12 
   9.9e-11 
   5.7e-10 
  -6.7e-10 
   3.4e-09 
  -7.4e-11 
   1e-08   
   6.8e-07 
  -7.2e-07 
   8.8e-07 
  -9.1e-07 
   7.9e-07 
  -7.3e-07 
   9.2e-07 
  -8.7e-07 
   7.9e-07 
  -7.3e-07 
   9.2e-07 
  -8.7e-07 
   7e-07   
  -7.2e-07 
   8.8e-07 
  -9e-07   
   7.6e-07 
  -7.3e-07 
   9.1e-07 
  -8.8e-07 
   7.6e-07 
  -7.3e-07 
   9.1e-07 
  -8.8e-07 

EFC_AREF
   0.0038  
   0.11    
   0.26    
  -0.033   
   0.044   
  -2.3     
   22      
   6       
   44      
   1.7     
   1.7     
   1.7     
   1.7     
   0.65    
   0.65    
   0.65    
   0.65    
   0.79    
   0.79    
   0.79    
   0.79    
   1.3     
   1.3     
   1.3     
   1.3     
   0.73    
   0.73    
   0.73    
   0.73    
   0.59    
   0.59    
   0.59    
   0.59    

SUBTREE_LINVEL
   0         0         0       
   0         0         0       
   0         0         0       
   0         0         0       
   0         0         0       
   0         0         0       
   0         0         0       
   0         0         0       
   0         0         0       
   0         0         0       
   0         0         0       
   0         0         0       
   0         0         0       
   0         0         0       
   0         0         0       
   0         0         0       
   0         0         0       
   0         0         0       
   0         0         0       
   0         0         0       
   0         0         0       
   0         0         0       

SUBTREE_ANGMOM
   0         0         0       
   0         0         0       
   0         0         0       
   0         0         0       
   0         0         0       
   0         0         0       
   0         0         0       
   0         0         0       
   0         0         0       
   0         0         0       
   0         0         0       
   0         0         0       
   0         0         0       
   0         0         0       
   0         0         0       
   0         0         0       
   0         0         0       
   0         0         0       
   0         0         0       
   0         0         0       
   0         0         0       
   0         0         0       

ACTUATOR_FORCE
  -0.0039  
   13      
   17      
  -0.073   
  -0.24    
  -0.18    
  -4.3     

QFRC_ACTUATOR
  -0.0039  
   13      
   17      
  -0.073   
  -0.24    
  -0.18    
  -2.2     
   0       
   0       
   0       
  -2.2     
   0       
   0       
   0       

QFRC_SMOOTH
  -0.0039  
   74      
   36      
  -0.036   
  -0.26    
  -0.18    
  -2.2     
   0.0032  
   0.14    
   0.0019  
  -2.2     
  -0.0032  
   0.11    
  -0.0019  

QACC_SMOOTH
  -0.22    
   6.5     
   32      
  -9       
   1.5     
  -2       
  -4.3e+02 
   2.2     
   1.1e+02 
  -3.5     
  -4.3e+02 
   7.4     
   1.3e+02 
  -0.78    

EFC_B
  -0.36    
  -21      
  -24      
   0.37    
  -22      
   26      
  -23      
  -8.2     
  -52      
  -20      
  -56      
  -42      
  -34      
  -20      
  -56      
  -42      
  -34      
  -20      
  -56      
  -42      
  -34      
  -21      
  -6.8     
  -18      
  -9.7     
  -21      
  -6.6     
  -18      
  -9.5     
  -21      
  -6.6     
  -18      
  -9.4     

EFC_FORCE
   0.035   
   0.96    
   2.4     
  -0.29    
   0.38    
  -20      
   2       
   0.12    
   4.4     
   12      
   12      
   12      
   12      
   2.8     
   2.8     
   2.8     
   2.8     
   3.6     
   3.6     
   3.6     
   3.6     
   2.4     
   2.4     
   2.4     
   2.4     
   1.1     
   1.1     
   1.1     
   1.1     
   0.86    
   0.86    
   0.86    
   0.86    

EFC_STATE
  1
  1
  1
  1
  1
  1
  1
  1
  1
  1
  1
  1
  1
  1
  1
  1
  1
  1
  1
  1
  1
  1
  1
  1
  1
  1
  1
  1
  1
  1
  1
  1
  1

QFRC_CONSTRAINT
   0.0039  
  -74      
  -36      
   0.036   
   0.26    
   0.18    
   2.2     
  -0.0032  
  -0.14    
  -0.0019  
   2.2     
   0.0032  
  -0.11    
   0.0019  

QFRC_INVERSE
   0       
   0       
   0       
   0       
   0       
   0       
   0       
   0       
   0       
   0       
   0       
   0       
   0       
   0       

CACC
   0         0         0         0         0         0       
   0         0         0         0         0         0       
   0         0         0         0         0         0       
   0         0         0         0         0         0       
   0         0         0         0         0         0       
   0         0         0         0         0         0       
   0         0         0         0         0         0       
   0         0         0         0         0         0       
   0         0         0         0         0         0       
   0         0         0         0         0         0       
   0         0         0         0         0         0       
   0         0         0         0         0         0       
   0         0         0         0         0         0       
   0         0         0         0         0         0       
   0         0         0         0         0         0       
   0         0         0         0         0         0       
   0         0         0         0         0         0       
   0         0         0         0         0         0       
   0         0         0         0         0         0       
   0         0         0         0         0         0       
   0         0         0         0         0         0       
   0         0         0         0         0         0       

CFRC_INT
   0         0         0         0         0         0       
   0         0         0         0         0         0       
   0         0         0         0         0         0       
   0         0         0         0         0         0       
   0         0         0         0         0         0       
   0         0         0         0         0         0       
   0         0         0         0         0         0       
   0         0         0         0         0         0       
   0         0         0         0         0         0       
   0         0         0         0         0         0       
   0         0         0         0         0         0       
   0         0         0         0         0         0       
   0         0         0         0         0         0       
   0         0         0         0         0         0       
   0         0         0         0         0         0       
   0         0         0         0         0         0       
   0         0         0         0         0         0       
   0         0         0         0         0         0       
   0         0         0         0         0         0       
   0         0         0         0         0         0       
   0         0         0         0         0         0       
   0         0         0         0         0         0       

CFRC_EXT
   0         0         0         0         0         0       
   0         0         0         0         0         0       
   0         0         0         0         0         0       
   0         0         0         0         0         0       
   0         0         0         0         0         0       
   0         0         0         0         0         0       
   0         0         0         0         0         0       
   0         0         0         0         0         0       
   0         0         0         0         0         0       
   0         0         0         0         0         0       
   0         0         0         0         0         0       
   0         0         0         0         0         0       
   0         0         0         0         0         0       
   0         0         0         0         0         0       
   0         0         0         0         0         0       
   0         0         0         0         0         0       
   0         0         0         0         0         0       
   0         0         0         0         0         0       
   0         0         0         0         0         0       
   0         0         0         0         0         0       
   0         0         0         0         0         0       
   0         0         0         0         0         0       

TENDON_EFCADR         -1

